[CALIBRATION_PARAMS]
x0 = 346.78834873739356
y0 = 229.76823168477895
rl = 301.19543156643437
theta = 100.68267997875641
a = 1.5707963267948966
b = -1.4114055340311134
c = 0.03222654920249065
d = -0.19161734196627384

[PROCESSING]
site_name = Big Dog Ranch
site_state = Texas
contrast = 99
newimax = 500
newjmax = 500
elevcutoff = 15.
altitude = 95.

[QUICKLOOK]
manual_theta = 107.

