[CALIBRATION_PARAMS]
x0 = 348.18258010920607
y0 = 233.69522927081732
rl = 305.09546432529226
theta = -163.17361552715732
a = 1.5707963267948966
b = -1.4181007194097215
c = -0.09283682512290951
d = -0.05985878226226567

[PROCESSING]
site_name = Bear Lake Observatory
site_state = Utah
contrast = 99
newimax = 500
newjmax = 500
elevcutoff = 15.
altitude = 95.

[QUICKLOOK]
manual_theta = -163.
