[CALIBRATION_PARAMS]
x0 = 354.3714834327313
y0 = 243.00673473719547
rl = 299.69756724850174
theta = -112.14934493383518
a = 1.5707963267948966
b = -1.430313552817502
c = 0.17230977807368617
d = -0.31279255205108075

[PROCESSING]
site_name = Capitol Reef Field Station
site_state = Utah
contrast = 99
newimax = 500
newjmax = 500
elevcutoff = 15.
altitude = 250.

[QUICKLOOK]
manual_theta = -112.
