[CALIBRATION_PARAMS]
x0 = 344.77008601602085
y0 = 240.18075029223374
rl = 310.52407165134144
theta = -104.35492672777083
a = 1.5707963267948966
b = -1.40988633489575
c = 0.03131468614510954
d = -0.19222467804425591

[PROCESSING]
site_name = Capitol Reef Field Station
site_state = Utah
contrast = 99
newimax = 500
newjmax = 500
elevcutoff = 15.
altitude = 95.

[QUICKLOOK]
manual_theta = -108.67417824487559

