[CALIBRATION_PARAMS]
x0 = 361.1663437350235
y0 = 240.81806283484656
rl = 299.2231146244143
theta = 90.05337633284637
a = 1.5707963267948966
b = -1.487465598359317
c = 0.2494290122960067
d = -0.3327597407315863

[PROCESSING]
site_name = Christmas Valley Observatory
site_state = Oregon
contrast = 99
newimax = 500
newjmax = 500
elevcutoff = 15.
altitude = 95.

[QUICKLOOK]
manual_theta = 90.
