[CALIBRATION_PARAMS]
x0 = 344.32362092820125
y0 = 241.41576420556942
rl = 289.92684032735883
theta = 54.55872189592406
a = 1.5707963267948966
b = -1.4040854773088929
c = -0.07966094429073182
d = -0.08704990519527184

[PROCESSING]
site_name = Christmas Valley Observatory
site_state = Oregon
contrast = 99
newimax = 500
newjmax = 500
elevcutoff = 15.
altitude = 250.

[QUICKLOOK]
manual_theta = 61.33024841365477

