[CALIBRATION_PARAMS]
x0 = 341.79428824782997
y0 = 228.07002217210743
rl = 309.49806277212724
theta = -43.82805574167338
a = 1.5707963267948966
b = -1.4818330129843609
c = 0.046038010741086426
d = -0.13500132455162225

[PROCESSING]
site_name = Lowell Observatory
site_state = Arizona
contrast = 99
newimax = 500
newjmax = 500
elevcutoff = 15.
altitude = 95.

[QUICKLOOK]
manual_theta = -44.
