[CALIBRATION_PARAMS]
x0 = 345.69327403451916
y0 = 257.81191241897926
rl = 270.1270907959369
theta = -23.377351228580412
a = 1.5707963267948966
b = -1.4365699317833962
c = 0.20124794163740492
d = -0.33547433664890525

[PROCESSING]
site_name = Madison
site_state = Kansas
contrast = 99
newimax = 500
newjmax = 500
elevcutoff = 15.
altitude = 250.

[QUICKLOOK]
manual_theta = -28.

