[CALIBRATION_PARAMS]
x0 = 349.713081016043
y0 = 230.6526258451713
rl = 297.24373549377304
theta = 32.24323147258582
a = 1.5707963267948966
b = -1.426877882529093
c = 0.1048126095210609
d = -0.24873105378686425

[PROCESSING]
site_name = Magdalena Ridge Observatory
site_state = New Mexico
contrast = 99
newimax = 500
newjmax = 500
elevcutoff = 15.
altitude = 95.

[QUICKLOOK]
manual_theta = 36.

