[CALIBRATION_PARAMS]
x0 = 357.9722291947527
y0 = 227.2813389873702
rl = 309.6848078186619
theta = 126.95203211416535
a = 1.5707963267948966
b = -1.6720738484291542
c = 0.6944386742952258
d = -0.5931611526609682

[PROCESSING]
site_name = Newport Geophysical Observatory
site_state = Washington
contrast = 99
newimax = 500
newjmax = 500
elevcutoff = 15.
altitude = 95.

[QUICKLOOK]
manual_theta = 90.

